4306
599
9725
2485
1129
5316
916
51906
1074
12
2192
2971
4306
599
340
12
34889
25
510
657
3105
3880
82
9725
2485
1129
5316
916
14
657
3105
3880
82
14
657
3105
3880
82
340
12
356
1044
25
510
657
3105
1824
604
9725
2485
1129
5316
916
4951
70
1029
72284
14
657
3105
7356
340
12
356
25
510
657
3105
1824
9725
2485
1129
5316
916
4951
70
1029
72284
14
657
3105
1824
340
12
24594
25
510
71742
12
657
3105
9725
2485
1129
5316
916
4951
70
1029
72284
44034
2130
12
657
3105
340
12
93954
25
510
74
15705
12
657
3105
9725
2485
1129
5316
916
4951
70
1029
72284
14441
15705
12
657
3105
340
12
8102
25
510
10248
12
657
3105
9725
2485
1129
5316
916
4951
70
1029
72284
48300
12
657
3105
340
12
356
49182
510
66
54017
12
657
3105
9725
2485
1129
5316
916
4951
70
1029
72284
2971
54017
12
657
3105
340
12
38762
25
510
28723
12
657
3105
9725
2485
1129
5316
916
4951
70
1029
72284
13631
4381
12
657
3105
340
12
13420
25
510
1230
12
657
3105
9725
2485
1129
5316
916
4951
70
1029
72284
42873
12
657
3105
340
12
24658
25
510
47375
12
657
3105
9725
2485
1129
5316
916
4951
70
1029
72284
7534
20629
12
657
3105
340
12
45532
25
510
66036
12
657
3105
9725
2485
1129
5316
916
4951
70
1029
72284
78222
12
657
3105
340
12
63276
25
510
71
43858
12
657
3105
9725
2485
1129
5316
916
4951
70
1029
72284
7682
43858
12
657
3105
340
12
32967
9655
25
510
511
9655
12
657
3105
9725
2485
1129
5316
916
4951
70
1029
72284
14
511
9655
12
657
3105
340
12
435
49182
510
69
54017
12
657
3105
9725
2485
1129
5316
916
4951
70
1029
72284
6801
54017
12
657
3105
340
12
66350
25
510
27920
12
657
3105
9725
2485
1129
5316
916
4951
70
1029
72284
14
27920
12
657
3105
340
12
13325
320
657
3105
7356
3622
3016
1680
510
657
3105
1824
604
73029
9725
2485
1129
5316
916
14
10448
2963
14
657
3105
1824
604
73029
340
12
13325
320
657
3105
7356
3622
3016
1680
510
657
3105
27396
73029
9725
2485
1129
5316
916
4951
70
1029
72284
14
657
3105
27396
73029
340
12
13325
320
657
3105
7356
3622
3016
1680
510
657
3105
73029
9725
2485
1129
5316
916
4951
70
1029
72284
14
657
3105
73029
340
12
13325
320
657
3105
7356
3622
3016
1680
510
657
3105
1824
604
73029
9725
2485
1129
5316
916
14
10448
2963
14
657
3105
1824
604
73029
340
12
13325
320
657
3105
7356
3622
3016
1680
510
657
3105
27396
73029
9725
2485
1129
5316
916
4951
70
1029
72284
14
657
3105
27396
73029
340
12
13325
320
657
