2428
1110
71
35268
1564
6830
2899
3107
7434
31989
15469
14
11008
76
17
8273
75
12
21
23
21
67
22
17
16
24
17
22
22
16
20
65
17
329
329
24
64
17
17
16
340
12
508
87
60
508
39
359
88
10386
19625
43
9533
2428
1110
71
35268
1564
6830
2899
3107
5523
26365
7530
359
88
10386
8273
75
12
21
23
24
66
3235
17
21
65
18
19
65
22
12508
16
340
12
508
87
60
508
33
14277
44
17
19625
43
320
43
287
220
17
13
15
8
4119
9533
2428
1110
71
35268
1564
6830
2899
3107
17996
8957
15469
3470
14277
76
17
8273
75
12
21
23
13233
16
631
20
66
18
19
66
15
21
66
16
3632
340
12
508
87
60
508
48
16948
17
19625
43
12
17
15
33
9533
2428
1110
71
35268
1564
6830
2899
3107
45274
16948
33894
16948
17
8273
75
12
17
15
65
12
21
21
70596
22
19
20
20
20
15
16
67
22
16
17
21
24
19
15
23
15
15
67
340
12
508
87
60
508
48
16948
17
19625
43
12
18
15
33
9533
2428
1110
71
35268
1564
6830
2899
3107
45274
16948
33894
16948
17
8273
75
12
18
15
65
12
21
21
70596
22
19
20
20
20
15
16
67
22
16
17
21
24
19
15
23
15
15
67
340
12
508
87
60
508
48
16948
17
19625
43
12
19
15
33
9533
2428
1110
71
35268
1564
6830
2899
3107
45274
16948
33894
16948
17
8273
75
12
19
15
65
12
21
21
70596
22
19
20
20
20
15
16
67
22
16
17
21
24
19
15
23
15
15
67
340
12
508
87
60
508
48
16948
17
19625
43
12
20
15
33
9533
2428
1110
71
35268
1564
6830
2899
3107
45274
16948
33894
16948
17
8273
75
12
20
15
65
12
21
21
70596
22
19
20
20
20
15
16
67
22
16
17
21
24
19
15
23
15
15
67
340
12
508
87
60
508
48
16948
17
19625
43
12
21
15
33
9533
2428
1110
71
35268
1564
6830
2899
3107
45274
16948
33894
16948
17
8273
75
12
21
15
65
12
21
21
70596
22
19
20
20
20
15
16
67
22
16
17
21
24
19
15
23
15
15
67
340
12
508
87
60
508
48
16948
17
19625
43
12
22
15
33
9533
2428
1110
71
35268
1564
6830
2899
3107
45274
16948
33894
16948
17
8273
75
12
22
15
65
12
21
21
70596
22
19
20
20
20
15
16
67
22
16
17
21
24
19
15
23
15
15
67
340
12
508
87
60
508
48
16948
17
19625
43
12
23
15
33
9533
2428
1110
71
35268
1564
6830
2899
3107
45274
