2428
1110
71
35268
1564
6830
2899
3107
7434
31989
15469
14
11008
76
17
8273
75
12
21
23
21
67
22
17
16
24
17
22
15
16
20
65
17
329
22
18
68
5305
18
23
340
12
508
87
60
508
39
359
88
10386
19625
43
9533
2428
1110
71
35268
1564
6830
2899
3107
5523
26365
7530
359
88
10386
8273
75
12
21
23
24
15
21
18
17
66
3235
17
21
65
16
24
16
16
24
66
24
66
20
68
22
340
12
508
87
60
508
33
7979
44
4644
53
17
19625
43
320
43466
7434
287
220
17
13
15
8
4119
9533
2428
1110
71
35268
1564
6830
2899
3107
17996
8957
15469
14
2718
8273
17
8273
75
12
21
23
13233
16
631
17
8316
18
19
66
18
15
21
66
16
3632
21
69
23
21
340
12
508
87
60
508
44
18
33
12
16
33
9533
2428
1110
71
35268
1564
6830
2899
3107
14
2143
17
16
3183
18
65
12
16
65
12
21
21
17
19
66
20
68955
18
17
17
68
19
66
16
19
23
66
23
65
18
18
15
340
12
508
87
60
508
44
18
33
12
16
15
33
9533
2428
1110
71
35268
1564
6830
2899
3107
14
2143
17
16
3183
18
65
12
16
15
65
12
21
21
17
19
66
20
68955
18
17
17
68
19
66
16
19
23
66
23
