220
21984
5925
13
20474
433
13
220
21984
5925
374
279
1522
1401
13
320
791
1522
1401
374
220
21984
5925
6266
4815
9290
25
578
1522
1401
374
220
21984
5925
13
20474
433
13
220
21984
5925
374
279
1522
1401
13
320
791
1522
1401
374
220
21984
5925
6266
374
264
54515
315
279
1890
2038
13
1102
374
539
264
31089
477
264
13310
13
1102
374
264
54515
315
279
1890
2038
13
1102
374
539
264
31089
477
264
13310
13
1102
374
264
54515
315
279
1890
2038
13
1102
374
539
264
31089
477
264
13310
13
1102
374
264
54515
315
279
1890
2038
13
1102
374
539
264
31089
477
264
13310
13
1102
374
264
54515
315
279
1890
2038
13
1102
374
539
264
31089
477
264
13310
13
1102
374
264
54515
315
279
1890
2038
13
1102
374
539
264
31089
477
264
13310
13
1102
374
264
54515
315
279
1890
2038
13
1102
374
539
264
31089
477
264
13310
13
1102
374
264
54515
315
279
1890
2038
13
1102
374
539
264
31089
477
264
13310
13
1102
374
264
54515
315
279
1890
2038
13
1102
374
539
264
31089
477
264
13310
13
1102
374
264
54515
315
279
1890
2038
13
1102
374
539
264
31089
477
264
13310
13
1102
374
264
54515
315
279
1890
2038
13
1102
374
539
264
31089
477
264
13310
13
1102
374
264
54515
315
279
1890
2038
13
1102
374
539
264
31089
477
264
13310
13
1102
374
264
54515
315
279
1890
2038
13
1102
374
539
264
31089
477
264
13310
13
1102
374
264
54515
315
279
1890
2038
13
1102
374
539
264
31089
477
264
13310
13
1102
374
264
54515
315
279
1890
2038
13
1102
374
539
264
31089
477
264
13310
13
1102
374
264
54515
315
279
1890
2038
13
1102
374
539
264
31089
477
264
13310
13
1102
374
264
54515
315
279
1890
2038
13
1102
374
539
264
31089
477
264
13310
13
1102
374
264
54515
315
279
1890
2038
13
1102
374
539
264
31089
477
264
13310
13
1102
374
264
54515
315
279
1890
2038
13
1102
374
539
264
31089
477
264
13310
13
1102
374
264
54515
315
279
1890
2038
13
1102
374
539
264
31089
477
264
13310
13
1102
374
264
54515
315
279
1890
2038
13
1102
374
539
264
31089
477
264
13310
13
1102
374
264
54515
315
279
1890
2038
13
1102
374
539
264
31089
477
264
13310
13
1102
374
264
54515
315
279
1890
2038
13
1102
374
539
264
31089
477
264
13310
13
1102
374
264
54515
315
279
1890
2038
13
1102
374
539
264
31089
477
264
13310
13
1102
374
264
54515
315
279
1890
2038
13
1102
374
539
264
31089
477
264
13310
13
1102
374
264
54515
315
279
1890
2038
